Estacao;Data;Hora;VelocidadeVentoMedia;VelocidadeVentoMaximaMedia;
83377;31/01/2001;0000;2.419355;12;
83377;28/02/2001;0000;1.778571;7;
83377;31/03/2001;0000;1.844444;9;
83377;30/04/2001;0000;2.477778;8;
83377;31/05/2001;0000;1.606452;6;
83377;30/06/2001;0000;2.366667;6;
83377;31/07/2001;0000;2.426882;9;
83377;31/08/2001;0000;4.430108;14;
83377;30/09/2001;0000;2.567467;9;
83377;31/10/2001;0000;2.389419;8;
83377;30/11/2001;0000;2.195333;9;
83377;31/12/2001;0000;2.730452;10;
83377;31/01/2002;0000;2.607957;12;
83377;28/02/2002;0000;2.196476;8;
83377;31/03/2002;0000;2.673175;7;
83377;30/04/2002;0000;2.807036;7;
83377;31/05/2002;0000;2.32786;9;
83377;30/06/2002;0000;2.950862;9;
83377;31/07/2002;0000;2.197298;11.8;
83377;31/08/2002;0000;3.444587;9;
83377;30/09/2002;0000;2.353182;9;
83377;31/10/2002;0000;2.071348;12;
83377;30/11/2002;0000;1.882591;7;
83377;31/12/2002;0000;1.704514;9;
83377;31/01/2003;0000;2.487287;12;
83377;28/02/2003;0000;2.321429;7;
83377;31/03/2003;0000;1.910753;9;
83377;30/04/2003;0000;2.433333;8;
83377;31/05/2003;0000;2.587097;9;
83377;30/06/2003;0000;2.222222;9;
83377;31/07/2003;0000;3.021505;10;
83377;31/08/2003;0000;2.172043;7;
83377;30/09/2003;0000;2.722222;7;
83377;31/10/2003;0000;2.387097;9;
83377;30/11/2003;0000;1.927778;8;
83377;31/12/2003;0000;2.182796;9;
83377;31/01/2004;0000;2.924731;9;
83377;29/02/2004;0000;2.333333;8;
83377;31/03/2004;0000;2.204301;7;
83377;30/04/2004;0000;2.055556;9;
83377;31/05/2004;0000;2.258065;7;
83377;30/06/2004;0000;2.833333;9;
83377;31/07/2004;0000;3.247312;9;
83377;31/08/2004;0000;2.882796;9;
83377;30/09/2004;0000;3.396667;9;
83377;31/10/2004;0000;2.623656;9;
83377;30/11/2004;0000;2.611111;8;
83377;31/12/2004;0000;2.086022;7;
83377;31/01/2005;0000;2.569892;9;
83377;28/02/2005;0000;2.192195;6;
83377;31/03/2005;0000;1.808602;7;
83377;30/04/2005;0000;2.722543;7;
83377;31/05/2005;0000;3.473429;9;
83377;30/06/2005;0000;3.133333;9;
83377;31/07/2005;0000;3.118375;8.74548;
83377;31/08/2005;0000;3.236559;9;
83377;30/09/2005;0000;3.074444;10;
83377;31/10/2005;0000;2.170968;7;
83377;30/11/2005;0000;2.234444;8;
83377;31/12/2005;0000;1.921742;10;
83377;31/01/2006;0000;2.645161;9;
83377;28/02/2006;0000;1.595238;8;
83377;31/03/2006;0000;1.68172;8;
83377;30/04/2006;0000;1.811111;7;
83377;31/05/2006;0000;1.526882;6;
83377;30/06/2006;0000;2.511111;6;
83377;31/07/2006;0000;2.268817;7;
83377;31/08/2006;0000;2.215054;7;
83377;30/09/2006;0000;2.183333;7;
83377;31/10/2006;0000;1.487097;7;
83377;30/11/2006;0000;1.734444;7;
83377;31/12/2006;0000;1.83871;7;
83377;31/01/2007;0000;1.313978;9;
83377;28/02/2007;0000;2.090476;7;
83377;31/03/2007;0000;2.924731;9;
83377;30/04/2007;0000;2.011111;10;
83377;31/05/2007;0000;2.311828;8.2;
83377;30/06/2007;0000;2.393103;7;
83377;31/07/2007;0000;2.208602;7;
83377;31/08/2007;0000;4.097849;10;
83377;30/09/2007;0000;3.766667;9;
83377;31/10/2007;0000;2.235484;9;
83377;30/11/2007;0000;1.877778;12;
83377;31/12/2007;0000;1.892473;7;
83377;31/01/2008;0000;2.193548;8;
83377;29/02/2008;0000;1.735632;8;
83377;31/03/2008;0000;1.741935;10;
83377;30/04/2008;0000;1.534617;6;
83377;31/05/2008;0000;1.415946;6;
83377;30/06/2008;0000;1.988889;7;
83377;31/07/2008;0000;2.734071;9;
83377;31/08/2008;0000;2.544466;7.20216;
83377;30/09/2008;0000;2.088889;7;
83377;31/10/2008;0000;2.548387;9;
83377;30/11/2008;0000;1.855556;12;
83377;31/12/2008;0000;1.935484;10;
83377;31/01/2009;0000;1.397849;11;
83377;28/02/2009;0000;1.668042;7;
83377;31/03/2009;0000;1.344086;8;
83377;30/04/2009;0000;1.38;6;
83377;31/05/2009;0000;1.409677;7;
83377;30/06/2009;0000;1.133333;6;
83377;31/07/2009;0000;1.774194;7;
83377;31/08/2009;0000;2.235484;8;
83377;30/09/2009;0000;1.688889;9;
83377;31/10/2009;0000;1.107527;7;
83377;30/11/2009;0000;1.155556;6;
83377;31/12/2009;0000;2.193548;12;
83377;31/01/2010;0000;2.010753;6;
83377;28/02/2010;0000;2.083333;8;
83377;31/03/2010;0000;1.784946;7;
83377;30/04/2010;0000;1.655556;6;
83377;31/05/2010;0000;1.589247;7;
83377;30/06/2010;0000;1.766667;8;
83377;31/07/2010;0000;2.956989;10;
83377;31/08/2010;0000;2.494505;9;
83377;30/09/2010;0000;3;10;
83377;31/10/2010;0000;1.430108;7;
83377;30/11/2010;0000;1.08046;7;
83377;31/12/2010;0000;1.698925;9;
83377;31/01/2011;0000;2.430108;8;
83377;28/02/2011;0000;1.15;6;
83377;31/03/2011;0000;1.409677;7;
83377;30/04/2011;0000;1.644444;7;
83377;31/05/2011;0000;1.612903;9;
83377;30/06/2011;0000;1.292135;7;
83377;31/07/2011;0000;2.021505;12;
83377;31/08/2011;0000;2.895699;12;
83377;30/09/2011;0000;3.211111;10;
83377;31/10/2011;0000;2.129032;10;
83377;30/11/2011;0000;2.733333;12;
83377;31/12/2011;0000;2.419355;12;
83377;31/01/2012;0000;1.935484;9;
83377;29/02/2012;0000;2.671264;9;
83377;31/03/2012;0000;1.774194;7;
83377;30/04/2012;0000;1.822222;7;
83377;31/05/2012;0000;2.27957;9;
83377;30/06/2012;0000;2.222222;9;
83377;31/07/2012;0000;2.505376;10;
83377;31/08/2012;0000;4.505376;12;
83377;30/09/2012;0000;2.644444;10;
83377;31/10/2012;0000;2.182796;7;
83377;30/11/2012;0000;2.343333;12;
83377;31/12/2012;0000;1.733046;10;
83377;31/01/2013;0000;2.037634;9;
83377;28/02/2013;0000;2.147619;7;
83377;31/03/2013;0000;1.617204;9;
83377;30/04/2013;0000;1.674444;9;
83377;31/05/2013;0000;1.544086;8;
83377;30/06/2013;0000;1.858889;5;
83377;31/07/2013;0000;1.946237;7;
83377;31/08/2013;0000;2.677419;9;
83377;30/09/2013;0000;2.744444;10;
83377;31/10/2013;0000;2.010753;7;
83377;30/11/2013;0000;1.39;7;
83377;31/12/2013;0000;1.795699;9;
83377;31/01/2014;0000;2.024611;8;
83377;28/02/2014;0000;2.035714;10;
83377;31/03/2014;0000;1.26129;7;
83377;30/04/2014;0000;0.911111;7;
83377;31/05/2014;0000;1.162366;6;
83377;30/06/2014;0000;1.791111;7;
83377;31/07/2014;0000;2;7;
83377;31/08/2014;0000;2.419355;10;
83377;30/09/2014;0000;2.646049;9;
83377;31/10/2014;0000;2.541935;10;
83377;30/11/2014;0000;1.447332;6;
83377;31/12/2014;0000;1.553499;9;
83377;31/01/2015;0000;1.367765;7;
83377;28/02/2015;0000;2.024841;9;
83377;31/03/2015;0000;0.828578;7;
83377;30/04/2015;0000;0.692098;5;
83377;31/05/2015;0000;1.325686;7;
83377;30/06/2015;0000;2.325402;9;
83377;31/07/2015;0000;2.090058;10;
83377;31/08/2015;0000;2.161166;8.23104;
83377;30/09/2015;0000;1.792419;9;
83377;31/10/2015;0000;2.003416;8;
83377;30/11/2015;0000;1.058123;5;
83377;31/12/2015;0000;0.898373;7;
83377;31/01/2016;0000;2.007119;7;
83377;29/02/2016;0000;1.255861;7;
83377;31/03/2016;0000;1.400334;9;
83377;30/04/2016;0000;1.63558;7;
83377;31/05/2016;0000;1.067311;5;
83377;30/06/2016;0000;1.890561;8;
83377;31/07/2016;0000;1.759772;7;
83377;31/08/2016;0000;1.756081;6;
83377;30/09/2016;0000;1.690814;8;
83377;31/10/2016;0000;1.573619;6;
83377;30/11/2016;0000;1.494665;8;
83377;31/12/2016;0000;1.368076;6;
83377;31/01/2017;0000;1.340883;7;
83377;28/02/2017;0000;1.643889;8;
83377;31/03/2017;0000;1.175148;6;
83377;30/04/2017;0000;1.590814;5;
83377;31/05/2017;0000;1.916152;7;
83377;30/06/2017;0000;2.313999;9;
83377;31/07/2017;0000;3.055006;8;
83377;31/08/2017;0000;2.389271;10;
83377;30/09/2017;0000;3.513999;9;
83377;31/10/2017;0000;2.881856;11.83212;
83377;30/11/2017;0000;1.765465;6.17328;
83377;31/12/2017;0000;1.759053;12.861;
83377;31/01/2018;0000;1.7148;6.17328;
83377;28/02/2018;0000;1.880156;8.23104;
83377;31/03/2018;0000;1.62906;10.2888;
83377;30/04/2018;0000;2.034639;10.2888;
83377;31/05/2018;0000;2.323277;8.23104;
83377;30/06/2018;0000;2.217808;5.1444;
83377;31/07/2018;0000;2.511352;8.23104;
83377;31/08/2018;0000;2.068943;7.20216;
83377;30/09/2018;0000;1.960588;8.23104;
83377;31/10/2018;0000;1.37184;7.20216;
83377;30/11/2018;0000;1.897712;9.77436;
83377;31/12/2018;0000;1.703737;6.17328;
